331-F1      0.00000       150.00000      0.00000      90.0000
331-F2      0.00000       135.00000      0.00000      90.0000
331-F3      0.00000       120.00000      0.00000      90.0000
331-F4      0.00000       105.00000      0.00000      90.0000
331-F5      0.00000       90.000000      0.00000      90.0000
331-F6      0.00000       75.000000      0.00000      90.0000
331-F7      0.00000       60.000000      0.00000      90.0000
331-F8      0.00000       45.000000      0.00000      90.0000
331-F9      0.00000       30.000000      0.00000      90.0000
331-F10      0.00000       15.000000      0.00000      90.0000
331-F11      0.00000      -0.0000000      0.00000      90.0000
331-F12      0.00000      -15.000000      0.00000      90.0000
331-F13      0.00000      -30.000000      0.00000      90.0000
331-F14      0.00000      -45.000000      0.00000      90.0000
331-F15      0.00000      -60.000000      0.00000      90.0000
331-F16      0.00000      -75.000000      0.00000      90.0000
331-F17      0.00000      -90.000000      0.00000      90.0000
331-F18      0.00000      -105.00000      0.00000      90.0000
331-F19      0.00000      -120.00000      0.00000      90.0000
331-F20      0.00000      -135.00000      0.00000      90.0000
331-F21      0.00000      -150.00000      0.00000      90.0000
331-F22       12.990381       142.50000      0.00000      90.0000
331-F23      -12.990381       142.50000      0.00000      90.0000
331-F24       12.990381       127.50000      0.00000      90.0000
331-F25      -12.990381       127.50000      0.00000      90.0000
331-F26       12.990381       112.50000      0.00000      90.0000
331-F27      -12.990381       112.50000      0.00000      90.0000
331-F28       12.990381       97.500000      0.00000      90.0000
331-F29      -12.990381       97.500000      0.00000      90.0000
331-F30       12.990381       82.500000      0.00000      90.0000
331-F31      -12.990381       82.500000      0.00000      90.0000
331-F32       12.990381       67.500000      0.00000      90.0000
331-F33      -12.990381       67.500000      0.00000      90.0000
331-F34       12.990381       52.500000      0.00000      90.0000
331-F35      -12.990381       52.500000      0.00000      90.0000
331-F36       12.990381       37.500000      0.00000      90.0000
331-F37      -12.990381       37.500000      0.00000      90.0000
331-F38       12.990381       22.500000      0.00000      90.0000
331-F39      -12.990381       22.500000      0.00000      90.0000
331-F40       12.990381       7.5000000      0.00000      90.0000
331-F41      -12.990381       7.5000000      0.00000      90.0000
331-F42       12.990381      -7.5000000      0.00000      90.0000
331-F43      -12.990381      -7.5000000      0.00000      90.0000
331-F44       12.990381      -22.500000      0.00000      90.0000
331-F45      -12.990381      -22.500000      0.00000      90.0000
331-F46       12.990381      -37.500000      0.00000      90.0000
331-F47      -12.990381      -37.500000      0.00000      90.0000
331-F48       12.990381      -52.500000      0.00000      90.0000
331-F49      -12.990381      -52.500000      0.00000      90.0000
331-F50       12.990381      -67.500000      0.00000      90.0000
331-F51      -12.990381      -67.500000      0.00000      90.0000
331-F52       12.990381      -82.500000      0.00000      90.0000
331-F53      -12.990381      -82.500000      0.00000      90.0000
331-F54       12.990381      -97.500000      0.00000      90.0000
331-F55      -12.990381      -97.500000      0.00000      90.0000
331-F56       12.990381      -112.50000      0.00000      90.0000
331-F57      -12.990381      -112.50000      0.00000      90.0000
331-F58       12.990381      -127.50000      0.00000      90.0000
331-F59      -12.990381      -127.50000      0.00000      90.0000
331-F60       12.990381      -142.50000      0.00000      90.0000
331-F61      -12.990381      -142.50000      0.00000      90.0000
331-F62       25.980762       135.00000      0.00000      90.0000
331-F63      -25.980762       135.00000      0.00000      90.0000
331-F64       25.980762       120.00000      0.00000      90.0000
331-F65      -25.980762       120.00000      0.00000      90.0000
331-F66       25.980762       105.00000      0.00000      90.0000
331-F67      -25.980762       105.00000      0.00000      90.0000
331-F68       25.980762       90.000000      0.00000      90.0000
331-F69      -25.980762       90.000000      0.00000      90.0000
331-F70       25.980762       75.000000      0.00000      90.0000
331-F71      -25.980762       75.000000      0.00000      90.0000
331-F72       25.980762       60.000000      0.00000      90.0000
331-F73      -25.980762       60.000000      0.00000      90.0000
331-F74       25.980762       45.000000      0.00000      90.0000
331-F75      -25.980762       45.000000      0.00000      90.0000
331-F76       25.980762       30.000000      0.00000      90.0000
331-F77      -25.980762       30.000000      0.00000      90.0000
331-F78       25.980762       15.000000      0.00000      90.0000
331-F79      -25.980762       15.000000      0.00000      90.0000
331-F80       25.980762      -0.0000000      0.00000      90.0000
331-F81      -25.980762      -0.0000000      0.00000      90.0000
331-F82       25.980762      -15.000000      0.00000      90.0000
331-F83      -25.980762      -15.000000      0.00000      90.0000
331-F84       25.980762      -30.000000      0.00000      90.0000
331-F85      -25.980762      -30.000000      0.00000      90.0000
331-F86       25.980762      -45.000000      0.00000      90.0000
331-F87      -25.980762      -45.000000      0.00000      90.0000
331-F88       25.980762      -60.000000      0.00000      90.0000
331-F89      -25.980762      -60.000000      0.00000      90.0000
331-F90       25.980762      -75.000000      0.00000      90.0000
331-F91      -25.980762      -75.000000      0.00000      90.0000
331-F92       25.980762      -90.000000      0.00000      90.0000
331-F93      -25.980762      -90.000000      0.00000      90.0000
331-F94       25.980762      -105.00000      0.00000      90.0000
331-F95      -25.980762      -105.00000      0.00000      90.0000
331-F96       25.980762      -120.00000      0.00000      90.0000
331-F97      -25.980762      -120.00000      0.00000      90.0000
331-F98       25.980762      -135.00000      0.00000      90.0000
331-F99      -25.980762      -135.00000      0.00000      90.0000
331-F100       38.971144       127.50000      0.00000      90.0000
331-F101      -38.971144       127.50000      0.00000      90.0000
331-F102       38.971144       112.50000      0.00000      90.0000
331-F103      -38.971144       112.50000      0.00000      90.0000
331-F104       38.971144       97.500000      0.00000      90.0000
331-F105      -38.971144       97.500000      0.00000      90.0000
331-F106       38.971144       82.500000      0.00000      90.0000
331-F107      -38.971144       82.500000      0.00000      90.0000
331-F108       38.971144       67.500000      0.00000      90.0000
331-F109      -38.971144       67.500000      0.00000      90.0000
331-F110       38.971144       52.500000      0.00000      90.0000
331-F111      -38.971144       52.500000      0.00000      90.0000
331-F112       38.971144       37.500000      0.00000      90.0000
331-F113      -38.971144       37.500000      0.00000      90.0000
331-F114       38.971144       22.500000      0.00000      90.0000
331-F115      -38.971144       22.500000      0.00000      90.0000
331-F116       38.971144       7.5000000      0.00000      90.0000
331-F117      -38.971144       7.5000000      0.00000      90.0000
331-F118       38.971144      -7.5000000      0.00000      90.0000
331-F119      -38.971144      -7.5000000      0.00000      90.0000
331-F120       38.971144      -22.500000      0.00000      90.0000
331-F121      -38.971144      -22.500000      0.00000      90.0000
331-F122       38.971144      -37.500000      0.00000      90.0000
331-F123      -38.971144      -37.500000      0.00000      90.0000
331-F124       38.971144      -52.500000      0.00000      90.0000
331-F125      -38.971144      -52.500000      0.00000      90.0000
331-F126       38.971144      -67.500000      0.00000      90.0000
331-F127      -38.971144      -67.500000      0.00000      90.0000
331-F128       38.971144      -82.500000      0.00000      90.0000
331-F129      -38.971144      -82.500000      0.00000      90.0000
331-F130       38.971144      -97.500000      0.00000      90.0000
331-F131      -38.971144      -97.500000      0.00000      90.0000
331-F132       38.971144      -112.50000      0.00000      90.0000
331-F133      -38.971144      -112.50000      0.00000      90.0000
331-F134       38.971144      -127.50000      0.00000      90.0000
331-F135      -38.971144      -127.50000      0.00000      90.0000
331-F136       51.961525       120.00000      0.00000      90.0000
331-F137      -51.961525       120.00000      0.00000      90.0000
331-F138       51.961525       105.00000      0.00000      90.0000
331-F139      -51.961525       105.00000      0.00000      90.0000
331-F140       51.961525       90.000000      0.00000      90.0000
331-F141      -51.961525       90.000000      0.00000      90.0000
331-F142       51.961525       75.000000      0.00000      90.0000
331-F143      -51.961525       75.000000      0.00000      90.0000
331-F144       51.961525       60.000000      0.00000      90.0000
331-F145      -51.961525       60.000000      0.00000      90.0000
331-F146       51.961525       45.000000      0.00000      90.0000
331-F147      -51.961525       45.000000      0.00000      90.0000
331-F148       51.961525       30.000000      0.00000      90.0000
331-F149      -51.961525       30.000000      0.00000      90.0000
331-F150       51.961525       15.000000      0.00000      90.0000
331-F151      -51.961525       15.000000      0.00000      90.0000
331-F152       51.961525      -0.0000000      0.00000      90.0000
331-F153      -51.961525      -0.0000000      0.00000      90.0000
331-F154       51.961525      -15.000000      0.00000      90.0000
331-F155      -51.961525      -15.000000      0.00000      90.0000
331-F156       51.961525      -30.000000      0.00000      90.0000
331-F157      -51.961525      -30.000000      0.00000      90.0000
331-F158       51.961525      -45.000000      0.00000      90.0000
331-F159      -51.961525      -45.000000      0.00000      90.0000
331-F160       51.961525      -60.000000      0.00000      90.0000
331-F161      -51.961525      -60.000000      0.00000      90.0000
331-F162       51.961525      -75.000000      0.00000      90.0000
331-F163      -51.961525      -75.000000      0.00000      90.0000
331-F164       51.961525      -90.000000      0.00000      90.0000
331-F165      -51.961525      -90.000000      0.00000      90.0000
331-F166       51.961525      -105.00000      0.00000      90.0000
331-F167      -51.961525      -105.00000      0.00000      90.0000
331-F168       51.961525      -120.00000      0.00000      90.0000
331-F169      -51.961525      -120.00000      0.00000      90.0000
331-F170       64.951906       112.50000      0.00000      90.0000
331-F171      -64.951906       112.50000      0.00000      90.0000
331-F172       64.951906       97.500000      0.00000      90.0000
331-F173      -64.951906       97.500000      0.00000      90.0000
331-F174       64.951906       82.500000      0.00000      90.0000
331-F175      -64.951906       82.500000      0.00000      90.0000
331-F176       64.951906       67.500000      0.00000      90.0000
331-F177      -64.951906       67.500000      0.00000      90.0000
331-F178       64.951906       52.500000      0.00000      90.0000
331-F179      -64.951906       52.500000      0.00000      90.0000
331-F180       64.951906       37.500000      0.00000      90.0000
331-F181      -64.951906       37.500000      0.00000      90.0000
331-F182       64.951906       22.500000      0.00000      90.0000
331-F183      -64.951906       22.500000      0.00000      90.0000
331-F184       64.951906       7.5000000      0.00000      90.0000
331-F185      -64.951906       7.5000000      0.00000      90.0000
331-F186       64.951906      -7.5000000      0.00000      90.0000
331-F187      -64.951906      -7.5000000      0.00000      90.0000
331-F188       64.951906      -22.500000      0.00000      90.0000
331-F189      -64.951906      -22.500000      0.00000      90.0000
331-F190       64.951906      -37.500000      0.00000      90.0000
331-F191      -64.951906      -37.500000      0.00000      90.0000
331-F192       64.951906      -52.500000      0.00000      90.0000
331-F193      -64.951906      -52.500000      0.00000      90.0000
331-F194       64.951906      -67.500000      0.00000      90.0000
331-F195      -64.951906      -67.500000      0.00000      90.0000
331-F196       64.951906      -82.500000      0.00000      90.0000
331-F197      -64.951906      -82.500000      0.00000      90.0000
331-F198       64.951906      -97.500000      0.00000      90.0000
331-F199      -64.951906      -97.500000      0.00000      90.0000
331-F200       64.951906      -112.50000      0.00000      90.0000
331-F201      -64.951906      -112.50000      0.00000      90.0000
331-F202       77.942287       105.00000      0.00000      90.0000
331-F203      -77.942287       105.00000      0.00000      90.0000
331-F204       77.942287       90.000000      0.00000      90.0000
331-F205      -77.942287       90.000000      0.00000      90.0000
331-F206       77.942287       75.000000      0.00000      90.0000
331-F207      -77.942287       75.000000      0.00000      90.0000
331-F208       77.942287       60.000000      0.00000      90.0000
331-F209      -77.942287       60.000000      0.00000      90.0000
331-F210       77.942287       45.000000      0.00000      90.0000
331-F211      -77.942287       45.000000      0.00000      90.0000
331-F212       77.942287       30.000000      0.00000      90.0000
331-F213      -77.942287       30.000000      0.00000      90.0000
331-F214       77.942287       15.000000      0.00000      90.0000
331-F215      -77.942287       15.000000      0.00000      90.0000
331-F216       77.942287      -0.0000000      0.00000      90.0000
331-F217      -77.942287      -0.0000000      0.00000      90.0000
331-F218       77.942287      -15.000000      0.00000      90.0000
331-F219      -77.942287      -15.000000      0.00000      90.0000
331-F220       77.942287      -30.000000      0.00000      90.0000
331-F221      -77.942287      -30.000000      0.00000      90.0000
331-F222       77.942287      -45.000000      0.00000      90.0000
331-F223      -77.942287      -45.000000      0.00000      90.0000
331-F224       77.942287      -60.000000      0.00000      90.0000
331-F225      -77.942287      -60.000000      0.00000      90.0000
331-F226       77.942287      -75.000000      0.00000      90.0000
331-F227      -77.942287      -75.000000      0.00000      90.0000
331-F228       77.942287      -90.000000      0.00000      90.0000
331-F229      -77.942287      -90.000000      0.00000      90.0000
331-F230       77.942287      -105.00000      0.00000      90.0000
331-F231      -77.942287      -105.00000      0.00000      90.0000
331-F232       90.932669       97.500000      0.00000      90.0000
331-F233      -90.932669       97.500000      0.00000      90.0000
331-F234       90.932669       82.500000      0.00000      90.0000
331-F235      -90.932669       82.500000      0.00000      90.0000
331-F236       90.932669       67.500000      0.00000      90.0000
331-F237      -90.932669       67.500000      0.00000      90.0000
331-F238       90.932669       52.500000      0.00000      90.0000
331-F239      -90.932669       52.500000      0.00000      90.0000
331-F240       90.932669       37.500000      0.00000      90.0000
331-F241      -90.932669       37.500000      0.00000      90.0000
331-F242       90.932669       22.500000      0.00000      90.0000
331-F243      -90.932669       22.500000      0.00000      90.0000
331-F244       90.932669       7.5000000      0.00000      90.0000
331-F245      -90.932669       7.5000000      0.00000      90.0000
331-F246       90.932669      -7.5000000      0.00000      90.0000
331-F247      -90.932669      -7.5000000      0.00000      90.0000
331-F248       90.932669      -22.500000      0.00000      90.0000
331-F249      -90.932669      -22.500000      0.00000      90.0000
331-F250       90.932669      -37.500000      0.00000      90.0000
331-F251      -90.932669      -37.500000      0.00000      90.0000
331-F252       90.932669      -52.500000      0.00000      90.0000
331-F253      -90.932669      -52.500000      0.00000      90.0000
331-F254       90.932669      -67.500000      0.00000      90.0000
331-F255      -90.932669      -67.500000      0.00000      90.0000
331-F256       90.932669      -82.500000      0.00000      90.0000
331-F257      -90.932669      -82.500000      0.00000      90.0000
331-F258       90.932669      -97.500000      0.00000      90.0000
331-F259      -90.932669      -97.500000      0.00000      90.0000
331-F260       103.92305       90.000000      0.00000      90.0000
331-F261      -103.92305       90.000000      0.00000      90.0000
331-F262       103.92305       75.000000      0.00000      90.0000
331-F263      -103.92305       75.000000      0.00000      90.0000
331-F264       103.92305       60.000000      0.00000      90.0000
331-F265      -103.92305       60.000000      0.00000      90.0000
331-F266       103.92305       45.000000      0.00000      90.0000
331-F267      -103.92305       45.000000      0.00000      90.0000
331-F268       103.92305       30.000000      0.00000      90.0000
331-F269      -103.92305       30.000000      0.00000      90.0000
331-F270       103.92305       15.000000      0.00000      90.0000
331-F271      -103.92305       15.000000      0.00000      90.0000
331-F272       103.92305      -0.0000000      0.00000      90.0000
331-F273      -103.92305      -0.0000000      0.00000      90.0000
331-F274       103.92305      -15.000000      0.00000      90.0000
331-F275      -103.92305      -15.000000      0.00000      90.0000
331-F276       103.92305      -30.000000      0.00000      90.0000
331-F277      -103.92305      -30.000000      0.00000      90.0000
331-F278       103.92305      -45.000000      0.00000      90.0000
331-F279      -103.92305      -45.000000      0.00000      90.0000
331-F280       103.92305      -60.000000      0.00000      90.0000
331-F281      -103.92305      -60.000000      0.00000      90.0000
331-F282       103.92305      -75.000000      0.00000      90.0000
331-F283      -103.92305      -75.000000      0.00000      90.0000
331-F284       103.92305      -90.000000      0.00000      90.0000
331-F285      -103.92305      -90.000000      0.00000      90.0000
331-F286       116.91343       82.500000      0.00000      90.0000
331-F287      -116.91343       82.500000      0.00000      90.0000
331-F288       116.91343       67.500000      0.00000      90.0000
331-F289      -116.91343       67.500000      0.00000      90.0000
331-F290       116.91343       52.500000      0.00000      90.0000
331-F291      -116.91343       52.500000      0.00000      90.0000
331-F292       116.91343       37.500000      0.00000      90.0000
331-F293      -116.91343       37.500000      0.00000      90.0000
331-F294       116.91343       22.500000      0.00000      90.0000
331-F295      -116.91343       22.500000      0.00000      90.0000
331-F296       116.91343       7.5000000      0.00000      90.0000
331-F297      -116.91343       7.5000000      0.00000      90.0000
331-F298       116.91343      -7.5000000      0.00000      90.0000
331-F299      -116.91343      -7.5000000      0.00000      90.0000
331-F300       116.91343      -22.500000      0.00000      90.0000
331-F301      -116.91343      -22.500000      0.00000      90.0000
331-F302       116.91343      -37.500000      0.00000      90.0000
331-F303      -116.91343      -37.500000      0.00000      90.0000
331-F304       116.91343      -52.500000      0.00000      90.0000
331-F305      -116.91343      -52.500000      0.00000      90.0000
331-F306       116.91343      -67.500000      0.00000      90.0000
331-F307      -116.91343      -67.500000      0.00000      90.0000
331-F308       116.91343      -82.500000      0.00000      90.0000
331-F309      -116.91343      -82.500000      0.00000      90.0000
331-F310       129.90381       75.000000      0.00000      90.0000
331-F311      -129.90381       75.000000      0.00000      90.0000
331-F312       129.90381       60.000000      0.00000      90.0000
331-F313      -129.90381       60.000000      0.00000      90.0000
331-F314       129.90381       45.000000      0.00000      90.0000
331-F315      -129.90381       45.000000      0.00000      90.0000
331-F316       129.90381       30.000000      0.00000      90.0000
331-F317      -129.90381       30.000000      0.00000      90.0000
331-F318       129.90381       15.000000      0.00000      90.0000
331-F319      -129.90381       15.000000      0.00000      90.0000
331-F320       129.90381      -0.0000000      0.00000      90.0000
331-F321      -129.90381      -0.0000000      0.00000      90.0000
331-F322       129.90381      -15.000000      0.00000      90.0000
331-F323      -129.90381      -15.000000      0.00000      90.0000
331-F324       129.90381      -30.000000      0.00000      90.0000
331-F325      -129.90381      -30.000000      0.00000      90.0000
331-F326       129.90381      -45.000000      0.00000      90.0000
331-F327      -129.90381      -45.000000      0.00000      90.0000
331-F328       129.90381      -60.000000      0.00000      90.0000
331-F329      -129.90381      -60.000000      0.00000      90.0000
331-F330       129.90381      -75.000000      0.00000      90.0000
331-F331      -129.90381      -75.000000      0.00000      90.0000
